10 0.43729846749529744 0.23741610738255034 0.4668460180295394 0.4748322147651007
10 0.09438739366979407 0.18456396406795147 0.18877478733958813 0.34563758389261745
19 0.761325503355705 0.6426173027510798 0.23909395973154332 0.305369421343478
19 0.6612835570469799 0.5729864155765231 0.14471476510067124 0.213087689062197
19 0.2365771812080537 0.5234899328859061 0.22651006711409394 0.2550335570469799
19 0.46560402684563756 0.5629193749392383 0.17869127516778519 0.22651006711409397
13 0.24664429530201346 0.7961406457706157 0.20889261744966447 0.2567114093959731
13 0.44106543624161065 0.8112416107382551 0.1572986577181208 0.24328859060402688
25 0.5492951117905995 0.9555369127516777 0.20761783011007637 0.08892617449664428
25 0.282508389261745 0.9588926174496644 0.22525167785234898 0.0822147651006712
