25 0.48554033485540316 0.5639269406392693 0.4048706240487066 0.30593607305936077
25 0.8165905631659051 0.19863013698630141 0.36681887366818855 0.2283105022831051
10 0.07412993874109716 0.14630753088560117 0.14825987748219432 0.15487352270368232
13 0.41150709756955206 0.19063926940639248 0.214186189050824 0.143835616438356
13 0.3725330884526217 0.07420091324200914 0.2655883132013004 0.14840182648401828
19 0.23361872443183962 0.18865877602914538 0.17375374727112405 0.0942125292272408
19 0.16286149162861485 0.06849315068493149 0.22831050228310493 0.13698630136986298
27 0.8336475402137553 0.47385227606478814 0.10068617738339268 0.12203173971161735
22 0.9567784385017333 0.5134620842555706 0.07148536045001527 0.1270163532661476
18 0.7035380529044579 0.4555769160809373 0.08351603327431438 0.09132420091324182
25 0.8500761035007605 0.07990867579908673 0.2998477929984771 0.15981735159817345
