25 0.35298638695838463 0.8003354676304535 0.44674458599730626 0.39932906473909163
25 0.8661912751677852 0.7894295302013422 0.26761744966442946 0.42114093959731547
25 0.6757632325959686 0.8464765100671141 0.1308888812993198 0.30704697986577173
13 0.44295302013422827 0.50251677852349 0.1283557046979866 0.19295302013422827
13 0.5971057046979866 0.5637583892617449 0.1346476510067113 0.20134228187919462
19 0.7562919463087249 0.4102348993288591 0.13338926174496635 0.14597315436241615
19 0.7053271812080538 0.4890939597315436 0.10444630872483217 0.13255033557046972
19 0.5927013422818792 0.41946308724832204 0.09312080536912745 0.12080536912751676
19 0.47944630872483224 0.39345666966562576 0.11325503355704697 0.14261744966442955
10 0.5121644295302014 0.19546979865771813 0.09060402684563762 0.18624161073825504
10 0.6134647651006712 0.22734899328859062 0.08682885906040276 0.17281879194630875
10 0.5826342281879195 0.32298650372453325 0.08305369127516775 0.08892690906339312
10 0.4926593959731544 0.29110777921637987 0.0817953020134231 0.10234966908999982
10 0.6612835570469798 0.37164447159803315 0.06669463087248317 0.10234952217664986
