13 0.8299776286353467 0.5637583892617449 0.3400447427293065 0.2684563758389262
13 0.9004474272930648 0.35151006711409394 0.1991051454138703 0.19630872483221476
19 0.7583892617449663 0.10402684563758388 0.22818791946308736 0.18791946308724833
19 0.6442953020134229 0.3204697986577181 0.20134228187919467 0.1342281879194631
19 0.732662192393736 0.2231543624161074 0.203579418344519 0.07382550335570467
10 0.5425055928411633 0.2097315436241611 0.15883668903803128 0.16107382550335572
10 0.3411633109619687 0.12164429530201343 0.2841163310961969 0.24328859060402686
10 0.15771812080536915 0.24832261777372605 0.3154362416107383 0.2684563758389262
10 0.2919463087248322 0.4068789448781777 0.2438478747203577 0.17953040702097148
19 0.505592841163311 0.4614093959731544 0.25055928411633105 0.17785234899328856
10 0.42617449664429524 0.3070464950517175 0.21252796420581677 0.11409539948237157
