13 0.7919463087248322 0.6937919463087249 0.3400447427293065 0.28691275167785235
13 0.7170022371364653 0.4697986577181208 0.26621923937360165 0.174496644295302
25 0.9395973154362416 0.2256711409395973 0.12080536912751683 0.19966442953020136
25 0.8903803131991052 0.3708053691275168 0.2192393736017897 0.18791946308724836
19 0.4105145413870246 0.2718120805369128 0.26621923937360176 0.1644295302013423
19 0.4306487695749441 0.375 0.20805369127516776 0.07550335570469797
10 0.22818791946308728 0.37332214765100674 0.20581655480984343 0.17281879194630875
19 0.40380313199105144 0.6963087248322148 0.3467561521252797 0.2617449664429532
19 0.41834451901566 0.4781879194630872 0.23713646532438482 0.15771812080536912
10 0.08501118568232663 0.341443129316154 0.17002237136465326 0.296979865771812
10 0.1387024608501119 0.5041948806251777 0.27740492170022374 0.17281917392101787
10 0.11409395973154363 0.7332215205840719 0.22818791946308725 0.2718119923889027
