17 0.19191256145502897 0.8791946308724832 0.3813083443865681 0.2416107382550335
17 0.5927095413208008 0.860738255033557 0.3599157269369036 0.2785234899328859
25 0.2686661073825503 0.6040268456375839 0.23783557046979864 0.18791946308724833
25 0.5222315436241611 0.4689597315436241 0.19630872483221473 0.15939597315436238
25 0.5121644295302014 0.6031879194630873 0.1988255033557047 0.14261744966442946
13 0.31082214765100674 0.46979865771812085 0.11073825503355707 0.06375838926174503
13 0.40583053691275167 0.4874161073825503 0.07927852348993283 0.10570469798657718
10 0.3259228187919463 0.3162751677852349 0.072986577181208 0.10234899328859061
10 0.3976510067114094 0.3238255033557047 0.0679530201342282 0.09395973154362412
10 0.3278104026845638 0.3859060402684564 0.06921140939597312 0.030201342281879207
10 0.3976510067114094 0.38926162743576315 0.05285234899328863 0.03691275167785236
