17 0.36431189031408956 0.8724832949331852 0.3913754584805277 0.25503341013363007
17 0.7663672594416062 0.8473154362416108 0.3422982772724741 0.30536912751677847
25 0.3995385906040269 0.6040268456375838 0.2000838926174497 0.2114093959731543
25 0.6386325503355705 0.4781879194630872 0.1875 0.1845637583892617
25 0.6191275167785235 0.5964765100671141 0.19882550335570479 0.16610738255033566
13 0.4945469798657718 0.4899328859060402 0.07550335570469797 0.09060402684563755
13 0.4014261744966443 0.4773489932885906 0.09563758389261742 0.09228187919463089
10 0.4039429530201343 0.3288590604026846 0.06291946308724831 0.09060402684563758
10 0.4706375838926175 0.33053691275167785 0.05788590604026851 0.10067114093959731
10 0.40457214765100674 0.39010067114093955 0.07172818791946313 0.03859060402684569
10 0.4643456375838927 0.3993288590604027 0.04781879194630875 0.057046979865771875
19 0.48385067114093955 0.42533557046979864 0.05914429530201339 0.035234899328859086
10 0.5203439597315436 0.40352337240220604 0.044043624161073824 0.07550335570469797
