13 0.7964205816554809 0.6652684563758389 0.2818791946308725 0.2130872483221477
13 0.7248322147651006 0.5016778523489933 0.20581655480984337 0.12751677852348992
10 0.1644295302013423 0.6654126468120807 0.3288590604026846 0.17588611577181218
10 0.2024608501118568 0.3825503355704698 0.2975391498881431 0.19463087248322142
10 0.3680089485458613 0.4228187919463087 0.0782997762863534 0.09731543624161076
10 0.2941834451901566 0.5201342281879195 0.15436241610738255 0.11409395973154368
10 0.10402684563758392 0.5142617155837731 0.2080536912751678 0.30704697986577184
25 0.9183445190156598 0.3447986577181208 0.16331096196868017 0.15268456375838924
25 0.9004474272930648 0.44546988680572797 0.1991051454138701 0.11912751677852348
19 0.494407158836689 0.36073825503355705 0.1744966442953021 0.11073825503355707
19 0.48993288590604034 0.4286912751677852 0.17002237136465326 0.05201342281879193
19 0.4910514541387025 0.5100671140939598 0.203579418344519 0.14093959731543626
19 0.46756152125279643 0.6510067114093959 0.25055928411633105 0.18791946308724838
