10 0.20022371364653246 0.3649328859060402 0.2975391498881432 0.19295302013422813
10 0.3109619686800896 0.4781882279811218 0.18344519015659957 0.11073863700826653
10 0.2919463087248322 0.20973154362416108 0.2304250559284116 0.11409395973154361
13 0.7505592841163309 0.4135905158788357 0.23489932885906048 0.16275179538302872
13 0.691275167785235 0.49664438345002315 0.1923937360178968 0.09060385054961766
19 0.494407158836689 0.33473154362416113 0.2774049217002237 0.20973154362416102
19 0.505592841163311 0.47315433303343746 0.19239373601789708 0.09395973154362408
5 0.5850111856823266 0.6761744966442953 0.060402684563758274 0.04697986577181212
5 0.4519015659955257 0.6686241610738256 0.05816554809843396 0.05201342281879193
5 0.5212527964205816 0.6719798657718121 0.07606263982102902 0.05201342281879193
