13 0.7774049217002238 0.549496644295302 0.3422818791946308 0.21644295302013425
13 0.6644295302013424 0.7818791946308724 0.30872483221476515 0.2751677852348995
19 0.5011185682326622 0.24328859060402686 0.2774049217002237 0.2147651006711409
19 0.5671140939597314 0.31459750642359635 0.20357941834451887 0.14261783163913894
19 0.49440715883668906 0.4899328859060402 0.19239373601789708 0.16778523489932887
19 0.40044742729306493 0.662751677852349 0.214765100671141 0.17785234899328856
10 0.13087248322147652 0.43456402283329143 0.26174496644295303 0.18791946308724833
10 0.09619686800894853 0.6133990917712736 0.19239373601789705 0.1624636789545752
10 0.3087248322147651 0.4756711262482623 0.14317673378076073 0.12919518914321254
10 0.348993288590604 0.3422818791946309 0.20581655480984343 0.14093959731543623
10 0.23713646532438473 0.6166082848020921 0.1700223713646533 0.14261836052719787
