17 0.3504696084348949 0.8557046979865767 0.3913754584805279 0.28859060402684555
17 0.6952682661530156 0.8481543624161074 0.2957378745879103 0.3036912751677853
25 0.36870805369127524 0.5629194630872483 0.20134228187919467 0.20637583892617442
25 0.6122063758389261 0.46812089351713737 0.19001677852348997 0.21140939597315445
25 0.5857802013422819 0.5880872483221476 0.18246644295302006 0.17281879194630867
10 0.3844379194630873 0.2625838926174497 0.06669463087248317 0.10234899328859061
10 0.44924496644295303 0.2768456375838926 0.06040268456375841 0.08724832214765098
13 0.46875 0.4563758389261745 0.07424496644295303 0.10738255033557052
13 0.375 0.4270134228187919 0.09815436241610734 0.08557046979865773
19 0.5492869127516777 0.3582214765100671 0.06417785234899334 0.062080536912751685
10 0.4460989932885906 0.35151006711409394 0.06669463087248324 0.0721476510067114
10 0.3768875838926175 0.3288590604026846 0.07172818791946306 0.07718120805369129
10 0.5002097315436242 0.3598993582417303 0.039010067114094014 0.07885906040268459
