5 0.11185951964683076 0.12248322147651015 0.1476569516150118 0.24496644295302025
5 0.2505621974100203 0.12332214765100671 0.1342223613320848 0.24664429530201343
5 0.3970946358887674 0.1266778523489933 0.12751095193611156 0.2533557046979866
5 0.5548127566941367 0.1342281879194631 0.12974808840143603 0.2684563758389262
5 0.67002535367614 0.1266778523489933 0.11408799510857057 0.2533557046979866
5 0.9172257535892909 0.13758389261744966 0.07606263982102916 0.2550335570469799
5 0.8132020381584738 0.13171155630932296 0.13199687804151694 0.24664429530201343
10 0.5659955257270693 0.8171140939597317 0.09395973154362423 0.09060402684563755
10 0.5525727069351231 0.7315436241610738 0.08501118568232656 0.06711409395973149
1 0.45861297539149887 0.5906040268456375 0.17002237136465326 0.11409395973154368
1 0.4541387024608501 0.5125838926174496 0.13422818791946312 0.055369127516778534
33 0.6744965456984486 0.5973155537722906 0.21252796420581654 0.10402684563758392
33 0.6073825503355704 0.511744966442953 0.12304250559284113 0.07046979865771817
7 0.8903803131991052 0.587248322147651 0.21029082774049215 0.12080536912751683
