5 0.1040268456375839 0.13087248322147654 0.16778523489932887 0.23489932885906042
5 0.26733780760626397 0.1401006711409396 0.09172259507829977 0.23993288590604028
33 0.6677852348993288 0.5889261744966443 0.203579418344519 0.11744966442953021
33 0.6107382550335569 0.5100671140939598 0.12527964205816558 0.057046979865771875
10 0.5827740492170023 0.8145973154362416 0.10067114093959731 0.09899328859060404
10 0.5604026056862756 0.7332214177447273 0.08724832214765094 0.06040268456375841
1 0.4608501118568233 0.5864093959731543 0.19239373601789708 0.11241610738255041
1 0.45078299776286357 0.5100671140939598 0.14541387024608504 0.040268456375838896
7 0.8870246085011186 0.5763422818791946 0.1991051454138703 0.11241610738255034
7 0.7539149888143177 0.5033557046979865 0.14317673378076065 0.06375838926174487
24 0.7299663620975051 0.8194334233865761 0.15697030578452398 0.18615376404332865
24 0.8965839770321895 0.7794890706870877 0.20683204593562096 0.17919205967479002
