27 0.726027397260274 0.22146118721461186 0.4170471841704719 0.2602739726027397
25 0.6712328767123288 0.36529680365296796 0.3013698630136986 0.1461187214611872
25 0.20091324200913271 0.55593607305936 0.40182648401826543 0.43150684931506644
13 0.3455098934550989 0.26369863013698625 0.19178082191780818 0.13470319634703198
17 0.38812785388127885 0.343607305936073 0.1552511415525115 0.10273972602739724
25 0.9474885844748857 0.3767123287671233 0.1050228310502284 0.18264840182648404
17 0.9642313546423135 0.22031963470319632 0.07153729071537299 0.15296803652968033
22 0.7913906851212547 0.5791106899741603 0.11360910324742178 0.05519078595258386
16 0.5544898845996399 0.5331183683470085 0.07100568952963968 0.056159045355260215
27 0.7126389203702022 0.5631344098299911 0.10328100295220309 0.06003208296596804
18 0.8817615627044346 0.5907298028062842 0.11360910324742349 0.03969863550975246
15 0.9447538189629205 0.6183251957825755 0.11049236207414954 0.05809556416061289
5 0.4576639443319506 0.6091267314571458 0.08649783997247021 0.07842901161682932
20 0.43248919986235 0.5118166614881167 0.0722967020665421 0.04647645132849115
18 0.6320093192018348 0.5485224952077777 0.07863439997497287 0.058095564160614475
