5 0.4205816554809843 0.8598993288590603 0.10290827740492169 0.17281879194630861
5 0.34116331096196867 0.8557046979865771 0.09172259507829975 0.16107382550335572
5 0.25950782997762867 0.8565436241610738 0.09843400447427292 0.16946308724832207
19 0.3232662192393736 0.4530201342281879 0.09619686800894854 0.05369127516778519
19 0.3277404921700224 0.5293624161073825 0.07829977628635344 0.03187919463087255
4 0.32550341486281004 0.49496651640969497 0.09172259507829977 0.03691283982586214
17 0.725950782997763 0.4874161073825503 0.14093959731543634 0.038590604026845624
17 0.7270694301079078 0.5209731249797462 0.1521252796420582 0.035234899328859155
25 0.5525727660932351 0.46308724832214765 0.13870246085011181 0.06040268456375841
25 0.5570470784626252 0.5176174790470996 0.13422818791946312 0.045302013422818845
13 0.41051458082576603 0.4874161367652203 0.10067114093959731 0.045302013422818845
10 0.4183446176125134 0.5310403859870556 0.08948537973549252 0.035234899328858996
10 0.238255033557047 0.46644295302013417 0.07829977628635348 0.05369127516778526
10 0.24832214765100674 0.5218120805369127 0.08501118568232666 0.057046979865771806
23 0.7830006367184825 0.21324026598740425 0.08500535909494829 0.15405655707288907
23 0.7080536912751677 0.21812080536912754 0.06935123042505595 0.15771812080536912
28 0.6387024608501118 0.22483221476510068 0.0738255033557048 0.15771812080536912
0 0.5659955257270693 0.22986577181208057 0.08501118568232656 0.15100671140939598
9 0.49525494943576454 0.23513547037330265 0.07400356944493772 0.1508534404932888
38 0.4245720004959437 0.23833751232329115 0.07305484701270984 0.14871879570444513
21 0.36100480849682404 0.24403014764928221 0.0692597147585931 0.15441148087491788
14 0.21916456612694385 0.2522132143567121 0.07779866824730138 0.14800727236373776
26 0.2893731245803679 0.24723218959927068 0.0702085124572643 0.14943041873411514
4 0.2746672494828507 0.6681277161772854 0.0749523755065465 0.14587250296369
12 0.33301625066832685 0.6617235575105869 0.06451596879044509 0.14017991748218023
20 0.3937371666525668 0.6674161803754558 0.070208479005511 0.15298830958230006
36 0.45682998489116533 0.6617236322773087 0.07115731851887312 0.1458726524971345
16 0.5232434403607572 0.6606561665800024 0.06546481666674454 0.15227672393598957
27 0.6475315985217466 0.6603004111402094 0.06546473303736342 0.15156508844519997
18 0.5839643647079362 0.6617235575105864 0.05977208901528655 0.15583452755633234
22 0.7068293221394488 0.6585212725687498 0.06831107595574501 0.15512336558811388
8 0.7666015115099944 0.6553193988438883 0.06072091180277184 0.15441138118595504
15 0.8323637604948364 0.6549152681242031 0.06357410273977072 0.15615435352328286
31 0.7694478209766257 0.8840135583531158 0.06641349728428167 0.11812114874132944
30 0.827011019700554 0.8819801949391168 0.06344594652305471 0.12310217349877244
30 0.6987648678553353 0.8491464847399887 0.05977214755585365 0.11669800237095217
