23 0.6683769993254678 0.09788805126824375 0.12191918713099145 0.15771812080536932
23 0.7909721500883378 0.08411788729139244 0.10882307738336347 0.13032124974356057
26 0.12786110023367978 0.21753581961496324 0.08946603926437215 0.15400307028022997
21 0.2182757287013758 0.2048457123054135 0.07158761755429385 0.1414792458956335
14 0.03915348309934492 0.2392531143678378 0.07742715959336481 0.1392213434958531
17 0.2921248099541087 0.18284644526605098 0.09101659099380327 0.16053437703171392
9 0.3784936335975486 0.16475657022964277 0.09416404246853982 0.15155249131739948
0 0.4707510884449966 0.15556237084323077 0.08485037271434084 0.1305413135443525
28 0.564021815011259 0.12624494830386257 0.08501140259540378 0.13590668668719574
17 0.8020964807410046 0.4937228946875375 0.25714781626983063 0.0586555015757353
17 0.8166274433141245 0.5491110122169607 0.26154860851063516 0.05441299338736993
25 0.5059182334905924 0.48279660086272097 0.18799383315158905 0.0881173520922199
25 0.527691095326696 0.5652592864365991 0.1822265252523191 0.07501354881735327
13 0.31563762201098894 0.5294051953084334 0.1125812592871727 0.06579457930049853
13 0.3336401288098934 0.5912782392542022 0.10738257005494106 0.052072745382528624
19 0.19535751089695239 0.4845654578913625 0.11633109619686785 0.062080536912751644
19 0.19655897705070424 0.5469235295262537 0.11582548404028359 0.05929412440422248
19 0.2094642042176327 0.606281202970541 0.12055481671122656 0.049714956389379325
10 0.07543114203638529 0.5150867093657441 0.11071516706079039 0.08348524821222653
10 0.09228799825549078 0.5993173940688052 0.10978265869642238 0.08195857592606663
4 0.12378728916934272 0.825009456865526 0.09246287444832772 0.24323987634784217
12 0.20842315987155546 0.8177760094450225 0.07965126401428181 0.2397874442463705
20 0.28273005140755997 0.8315758233137299 0.10266752446740376 0.27240480326459454
36 0.38882876038069125 0.8104030195289441 0.087852979626411 0.2574878201042654
16 0.4830879431234051 0.8246869577483573 0.09339600643473775 0.28654717737254504
18 0.5855457678332185 0.8236536732916936 0.10768260212368574 0.3000060302436875
27 0.6944208295075356 0.8176474678913281 0.1099766091007936 0.30289205439009104
22 0.8009526186043501 0.8104401171952261 0.11247070956012106 0.31644412377905545
8 0.9176144775086607 0.7974066802279585 0.0929714820552144 0.3205667433077334
