16 0.3866057838660574 0.557077625570776 0.4200913242009123 0.31050228310502354
25 0.8028919330289191 0.1050228310502283 0.3942161339421619 0.2100456621004566
13 0.7922374429223744 0.2454337899543379 0.4155251141552512 0.18949771689497724
13 0.3607305936073057 0.10045662100456625 0.22831050228310498 0.2009132420091325
19 0.3926940639269407 0.23059360730593595 0.18873668188736675 0.11872146118721463
19 0.12176560121765606 0.028538812785388123 0.21308980213089812 0.057077625570776246
19 0.17808219178082182 0.11073059360730593 0.18569254185692521 0.14383561643835618
10 0.23896499238965008 0.22260273972602737 0.1491628614916287 0.08904109589041091
27 0.08828006088280059 0.18949771689497724 0.17656012176560118 0.12328767123287683
27 0.7473363774733633 0.5057077625570776 0.112633181126332 0.07077625570776273
18 0.6651445966514459 0.48858447488584483 0.10654490106544846 0.07305936073059384
8 0.9277016742770167 0.5376712328767124 0.14459665144596515 0.0570776255707765
22 0.8523592085235915 0.5228310502283102 0.16438356164383644 0.07305936073059349
