25 0.48554033485540316 0.5639269406392693 0.4048706240487066 0.30593607305936077
25 0.8500761035007605 0.07990867579908673 0.2998477929984771 0.15981735159817345
19 0.8165905631659051 0.19863013698630141 0.36681887366818855 0.22831050228310512
13 0.0867579908675799 0.13812785388127855 0.1735159817351598 0.17123287671232873
13 0.4155251141552511 0.1906392694063927 0.22222222222222215 0.14383561643835613
19 0.3713850837138506 0.07420091324200917 0.26788432267884277 0.14840182648401834
25 0.23439878234398787 0.18949771689497716 0.18873668188736686 0.09589041095890413
19 0.16286149162861485 0.06849315068493149 0.22831050228310493 0.13698630136986298
25 0.48097412480974117 0.5696347031963471 0.3713850837138507 0.3082191780821919
25 0.8196347031963469 0.19748858447488588 0.36073059360730597 0.2351598173515982
27 0.8531202435312024 0.08219178082191778 0.29375951293759517 0.16438356164383555
27 0.7762557077625571 0.48972602739726 0.16438356164383555 0.07534246575342513
18 0.8660578386605786 0.5102739726027398 0.16742770167427737 0.07990867579908671
18 0.6849315068493149 0.4657534246575342 0.0974124809741248 0.09132420091324206
