25 0.4611872146118718 0.5639269406392696 0.3866057838660572 0.28310502283105005
25 0.8234398782343985 0.0913242009132421 0.3531202435312015 0.1826484018264842
19 0.798325722983257 0.22716894977168955 0.4033485540334852 0.21689497716894973
13 0.1461187214611872 0.08447488584474883 0.2252663622526636 0.16894977168949765
19 0.22526636225266367 0.19863013698630133 0.17656012176560126 0.11415525114155244
13 0.3409436834094368 0.09018264840182648 0.24353120243531212 0.18036529680365296
10 0.38812785388127824 0.20406001598688117 0.19178082191780801 0.14784605937102252
18 0.06697108066971082 0.16324200913242 0.13394216133942163 0.1347031963470318
22 0.6631931402068336 0.4772536113819371 0.09656773776031181 0.08627191277851337
27 0.750530138328286 0.5006854889267156 0.09798785155090496 0.06284003523372866
8 0.9308845897335734 0.5353007625724175 0.1292303549439411 0.0489939257754504
22 0.8399973071356359 0.5193244824282486 0.1263901273627576 0.055384437833119166
29 0.756920650385959 0.6194425046650402 0.09088728259794009 0.040473243031892994
29 0.8336067950779696 0.6338211567947928 0.08520682743556707 0.03727798700305956
