25 0.7147650809517707 0.32298668002055286 0.12304246615409953 0.06208033123406185
25 0.7080536912751667 0.37500007345667485 0.12751677852348997 0.04194616181148256
25 0.7494407158836688 0.43288590604026844 0.1476510067114093 0.07382550335570472
17 0.8470009463535686 0.3809549434518813 0.13248067934946367 0.04714455117126295
17 0.9160325872289925 0.4382528797674312 0.157383413652354 0.07105173528965494
13 0.5859857764454539 0.3992890249311688 0.09931962997478656 0.06646775236774176
13 0.5829298012994404 0.45085889300896925 0.09320765274556876 0.04354783775817559
19 0.4782621777804927 0.35688718290347127 0.10390353208512612 0.07334384716316533
19 0.48361019826184504 0.45315082426364917 0.09015166413096004 0.04125584629721899
19 0.48437426275847484 0.4147601479114564 0.0977916356674821 0.03781785910578414
10 0.3713026436121617 0.37407711886064604 0.0977915817930994 0.08480368405539487
10 0.38811059446110596 0.4439828985573406 0.0916796584382645 0.06417576090678509
10 0.3911665426699284 0.3184963259324482 0.08251169259443798 0.03552586764482751
4 0.4171424458941033 0.5625934165243274 0.055007795062958706 0.06532175663726349
12 0.472150240957062 0.5608744229286099 0.04583982921913225 0.06417576090678523
20 0.5233380502517591 0.5671774797212761 0.0595917779848719 0.08136585741403175
36 0.5798738530906177 0.5603014752352675 0.04431186184901972 0.06302986552010245
16 0.6486271433720894 0.5612542398186062 0.06313820294687297 0.06803897775638355
18 0.7119470406304625 0.5659055099070787 0.048895952519697604 0.07334388730068159
27 0.7699499576976687 0.5674293871617097 0.05349212950702544 0.08154338462009819
22 0.8258482458303095 0.5650715735333951 0.04911937907868242 0.07914734966883466
8 0.8842059690207031 0.5623732723039105 0.035028148468310226 0.07504616433994653
15 0.9452201518464477 0.5658637296933737 0.04792697106349839 0.08830666149377403
5 0.5424357231033138 0.6823509537284965 0.051952170100431 0.0802204637463208
5 0.4836101982618432 0.6846419016139891 0.050423812141045306 0.08022022292121415
5 0.42554641458427667 0.6834958456772349 0.04736782352643658 0.0779281511852209
29 0.8413525360983334 0.6674072859652033 0.04606457192428614 0.058217100913524306
31 0.8017992359789927 0.670351585149088 0.05556870929731091 0.06761374809822003
31 0.7120453472038524 0.6542731552376275 0.03972785198991467 0.024065749789972585
31 0.7516133190663996 0.6559920685583096 0.03699162363004365 0.029795888992435487
