23 0.7640282758450704 0.21206814201044083 0.07820743041276473 0.13615687658166842
23 0.6805239054518928 0.2184811656435478 0.07870688690497057 0.13644804981358463
28 0.6004770174113548 0.22479040871289865 0.06800179750842261 0.13095609532588054
0 0.5304972434647766 0.22814611341088528 0.07277197162196809 0.1262973236152211
9 0.45419430717871 0.23157821768232595 0.06722530339545187 0.12747644160478605
38 0.3803131991051456 0.23529428265473265 0.07646975043964661 0.1347701974645915
4 0.15771812080536912 0.7508389261744967 0.05145413870246084 0.1224832214765101
21 0.30396408988228496 0.23606402178672523 0.06654115515606913 0.1316220538941169
26 0.22741157202312123 0.24200560332472776 0.0776530292312226 0.13173320482961234
14 0.1432877639494743 0.24269889431686956 0.08689723182040852 0.13034638001334528
25 0.5102889788673802 0.47496374897394844 0.14051435649971344 0.04575960951799871
25 0.5278532734298444 0.544296490667886 0.15345646828258175 0.05685284818902879
17 0.7155140246574402 0.5061634827362204 0.15900383728012324 0.044372954684119975
17 0.7164382493523518 0.5484564187447247 0.16085212369994076 0.03189313402880599
19 0.2606910191357019 0.46595063825292643 0.09614122254858694 0.05546648475352987
19 0.2560689504351103 0.5172567821152461 0.0905951573110919 0.041600106397130264
19 0.25791788058645054 0.5602429969742937 0.09429301761377236 0.041600130680329445
13 0.35498347450295403 0.5110168960707877 0.08874623530825138 0.04575985234998219
13 0.3577568575072144 0.5595495724245606 0.09429270797076132 0.04853316201773929
10 0.14975891762291188 0.4860571090609699 0.09983953916728375 0.06794637825843834
10 0.14975884428640932 0.5540029895138434 0.10353713871795539 0.06517323857306904
4 0.1719451994009651 0.7356548577431536 0.08874590936824006 0.1899717122413888
12 0.2551444894336901 0.7301082384076386 0.05916393957882669 0.19274502190914639
20 0.3254016676835468 0.7321882206584567 0.08135041692088674 0.1996782960785402
36 0.40490321149259517 0.7266416013229418 0.07395492447353341 0.19967829607854007
16 0.48810250152532025 0.7204016545704873 0.07765267069721006 0.1982916412446613
27 0.5694529184462069 0.7224816368213054 0.0702571782498567 0.19967829607854015
27 0.6406345332519828 0.7197083271535479 0.07210605136169505 0.19690498641078263
22 0.7053450269783222 0.7141617078180329 0.07210592098569046 0.19690498641078244
8 0.7756022704161813 0.7079217610655785 0.07210605136169505 0.1955183315769039
15 0.856952687337068 0.7058417788147605 0.08319929003272505 0.20245160574629764
