17 0.6831229623077815 0.467122901888438 0.17897091722595065 0.04026845637583893
17 0.6864304452106748 0.5032171373734191 0.17932850187898072 0.03187934154422236
25 0.4663882740799099 0.4540690575124298 0.14991592716180688 0.0654362416107382
25 0.4744512638270193 0.5091247608967804 0.15213095286959327 0.04331633266581164
19 0.22241839854819062 0.43374692467230175 0.09184038157935567 0.04733334509240947
19 0.2157364357774821 0.4841487725147122 0.0920170613309408 0.035411638989158195
19 0.2078474268627231 0.5218783579095233 0.08989798743786098 0.03386634138538826
13 0.3129048163671073 0.47063776018863573 0.09454866404890368 0.05073323470547038
13 0.3078405505301668 0.5152847837629947 0.09001549786773025 0.03511117955178511
10 0.11859767928745586 0.4502054011339034 0.0883084006571591 0.05976259050709794
10 0.11335819762731482 0.5117449664429521 0.09696248026581591 0.057577198846668474
23 0.7097005728699611 0.19631749750734628 0.07533722619552417 0.10094325107662862
23 0.6318677113223671 0.2056089778908518 0.07002828906504034 0.09383219987908148
28 0.561316083022252 0.22151906508738786 0.06428826537118448 0.07921232697520951
0 0.48920622059496877 0.2282746096818375 0.05854824167732873 0.07490730920481782
9 0.4242028636444472 0.2303806432928949 0.0631402606324134 0.08093433408336632
38 0.35461084689354183 0.23276937168205236 0.058056678065616055 0.09066151042716282
26 0.23796817962542513 0.2448861489717366 0.06122341187211044 0.09438897435710969
14 0.17790608104765154 0.25126924919858384 0.06199248863421015 0.08545189772938089
21 0.3047804993099035 0.2407719951067267 0.06162053456112363 0.08458942045192419
36 0.4138556830291108 0.7175909398079812 0.08150883229135349 0.23247195474622762
18 0.5016781264983462 0.7201743274191071 0.08954480474782356 0.23936043551752562
27 0.5786031278910756 0.721086190641466 0.08455093042258381 0.24575938902698527
22 0.6639891528147629 0.718446917576052 0.08632940945358959 0.25312016966240686
8 0.754173507195772 0.7183296155626441 0.09637516207247052 0.25399481415087105
15 0.8409430436871326 0.7222620515228193 0.10408138305735251 0.265182711663795
36 0.32914279798871937 0.7140923671649254 0.08380434593029426 0.2384979844797078
20 0.23982160280215198 0.7223518950621073 0.09706653418949943 0.22737708231517412
37 0.17887938519213556 0.717130788723004 0.059362198373671016 0.22417972269321182
4 0.10619021936223236 0.7181540769169646 0.08520889985061615 0.2257026721033862
