10 0.5436241610738255 0.7676174496644296 0.09843400447427285 0.09228187919463082
1 0.5357950313781299 0.6996646499002261 0.06935123042505585 0.04026866205452907
1 0.447427352222989 0.5654363003760782 0.19239373601789708 0.10402684563758385
33 0.44966442953020136 0.48573825503355705 0.13422818791946312 0.06543624161073815
33 0.6565995131339655 0.5746643413821915 0.1856823266219238 0.10570469798657718
33 0.6096196868008948 0.48657718120805366 0.1364653243847875 0.06375838926174496
7 0.8747203579418344 0.575503355704698 0.20134228187919462 0.10738255033557045
7 0.7505592841163312 0.4890939597315436 0.12751677852348975 0.07550335570469797
24 0.680089485458613 0.785234899328859 0.14317673378076065 0.19798657718120807
24 0.8378075076671289 0.7776844462277094 0.15883668903803141 0.19966442953020136
