5 0.09955257270693513 0.12080536912751678 0.19910514541387025 0.24161073825503357
5 0.255036470340669 0.13087248322147652 0.16554227184662618 0.26174496644295303
5 0.406043181750065 0.13506711409395974 0.1543565895200043 0.2701342281879195
5 0.5548127566941365 0.13590604026845637 0.1342223613320847 0.27181208053691275
5 0.6778552622869778 0.13926174496644295 0.1073767237481922 0.2785234899328859
5 0.8087278638246783 0.14177852348993292 0.10513958728286767 0.28355704697986583
1 0.9261775381138936 0.13506711409395963 0.11185125303066012 0.27013422818791927
1 0.43624161073825507 0.5906040268456375 0.19239373601789708 0.11409395973154368
1 0.4306487695749441 0.5067114093959731 0.13646532438478742 0.06711409395973163
33 0.6431767337807607 0.5947986577181209 0.1767337807606264 0.11241610738255027
33 0.592841163310962 0.5083892617449665 0.12975391498881436 0.06040268456375841
7 0.7360178970917226 0.5125838926174496 0.13422818791946312 0.08557046979865766
24 0.8411633109619686 0.5964766569804638 0.19239373601789708 0.11241581355585054
24 0.817673417514804 0.7785235780808958 0.1543624161073825 0.1677852348993288
24 0.6711410184747981 0.8062082006046247 0.12975391498881422 0.19295302013422813
10 0.5313198316370586 0.7860738548860258 0.087248322147651 0.08892617449664428
10 0.5234899328859061 0.718959907839644 0.08501118568232663 0.038590604026845624
