10 0.19760662393431858 0.4871454417521244 0.2909471823684227 0.1996437153974511
10 0.3053691275167785 0.5855704697986577 0.23489932885906042 0.13422818791946312
10 0.33109619686800895 0.3456375838926175 0.18344519015659957 0.06711409395973156
19 0.5078299579092643 0.4228190563903382 0.2863534675615211 0.19463140137128054
19 0.5279643044134081 0.5461409395973152 0.23713666251809168 0.0922818791946308
19 0.5257271679480839 0.6115771812080539 0.21029102493419902 0.07550335570469799
13 0.7930647290622145 0.5142616862011027 0.2751682782191664 0.18624260974903378
13 0.7550335570469799 0.6132547691130174 0.2527964205816554 0.11577181208053694
5 0.6319910514541387 0.950503355704698 0.09619686800894854 0.0956375838926175
5 0.5223713646532439 0.9404362416107382 0.09619686800894854 0.09899328859060404
5 0.4261744966442953 0.9328859060402683 0.087248322147651 0.10402684563758399
